1.93859
1.94013
1.94176
1.9435
1.94496
1.9462
1.94758
1.94907
1.95064
1.95233
1.95405
1.95528
1.95659
1.95804
1.95959
1.96126
1.96304
1.96428
1.96556
1.96701
1.96858
1.97029
1.97202
1.97317
1.97451
1.976
1.97763
1.97944
1.9808
1.98203
1.98347
1.98505
1.98682
1.98839
1.98953
1.99094
1.99251
1.99428
1.9959
1.99702
1.99842
2
2.00181
2.00332
2.00446
2.0059
2.00754
2.00943
2.01063
2.0119
2.01341
2.01515
2.01692
2.01796
2.01935
2.02099
2.02291
2.02409
2.02534
2.0269
2.02873
2.03023
2.03136
2.03285
2.03461
2.03636
2.03736
2.03881
2.04055
2.04242
2.04337
2.0448
2.04654
2.04843
2.04935
2.05078
2.05257
2.05444
2.05532
2.05681
2.05869
2.06061
2.0616
2.06355
2.06265
2.06572
2.06706
2.06866
2.07069
2.07176
2.07313
2.0749
2.07655
2.07766
2.07917
2.08122
2.08231
2.08362
2.08533
2.08714
2.08814
2.08965
2.09171
2.09276
2.09409
2.09587
2.09751
2.09858
2.10017
2.10228
2.10314
2.10458
2.10661
2.10774
2.10903
2.11086
2.11243
2.11352
2.1152
2.11714
2.11802
2.1196
2.12176
2.12255
2.12403
2.12621
2.12708
2.12849
2.1306
2.13162
2.13296
2.135
2.13613
2.13743
2.13944
2.14063
2.14192
2.14391
2.14513
2.1464
2.14842
2.14959
2.15089
2.15296
2.15404
2.15538
2.15755
2.15847
2.15988
2.16215
2.16291
2.1644
2.16668
2.16734
2.16895
2.17102
2.1718
2.17355
2.17526
2.17626
2.17824
2.1795
2.18077
2.18303
2.18384
2.18533
2.18761
2.18823
2.18996
2.19172
2.1927
2.19476
2.19587
2.19723
2.19963
2.20019
2.20189
2.20372
2.20464
2.20676
2.20779
2.2092
2.21159
2.21212
2.21395
2.21546
2.21661
2.21902
2.21962
2.22129
2.22314
2.22406
2.22633
2.22713
2.2287
2.23073
2.23152
2.23373
2.23462
2.23615
2.23824
2.23898
2.24124
2.24208
2.24365
2.24562
2.24645
2.24886
2.24949
2.2512
2.25289
2.25394
2.2565
2.25689
2.25885
2.26011
2.26148
2.26381
2.26435
2.2667
2.26741
2.26913
2.27078
2.27187
2.27447
2.2748
2.27702
2.27789
2.27954
2.28129
2.28231
2.28495
2.28524
2.28755
2.28831
2.29005
2.29161
2.2928
2.29523
2.29569
2.29831
2.29868
2.30074
2.30183
2.30339
2.30518
2.3062
2.30878
2.3091
2.31177
2.31211
2.31425
2.31521
2.31691
2.31845
2.31969
2.32192
2.32257
2.32538
2.3255
2.32817
2.3285
2.33071
2.33159
2.3334
2.33475
2.33619
2.33802
2.33904
2.34145
2.34195
2.34482
2.34489
2.34777
2.34786
2.35044
2.35088
2.35312
2.35392
2.35588
2.357
2.3587
2.36015
2.36156
2.36331
2.36445
2.36652
2.36736
2.36976
2.37029
2.37303
2.37323
2.37621
2.37618
2.37929
2.37914
2.38227
2.38211
2.38519
2.38508
2.38809
2.38805
2.39098
2.39104
2.3939
2.39401
2.39684
2.39698
2.39981
2.39997
2.40278
2.40293
2.40579
2.4059
2.40882
2.40886
2.41186
2.41184
2.41493
2.4148
2.41803
2.41777
2.42112
2.42075
2.42418
2.42373
2.42716
2.42672
2.43
2.42974
2.43274
2.43277
2.43537
2.43583
2.43799
2.43892
2.44067
2.44205
2.44336
2.44523
2.4461
2.44847
2.4489
2.45178
2.45174
2.45519
2.45466
2.45855
2.45767
2.46132
2.46079
2.46346
2.46403
2.46564
2.46741
2.46801
2.4709
2.47055
2.47455
2.47337
2.47788
2.47659
2.47942
2.48028
2.48068
2.48436
2.48258
2.48817
2.4863
2.48761
2.49173
2.48833
2.49247
2.49583
2.49313
2.49008
2.49631
2.50574
2.50595
2.50622
2.5099
2.50832
2.51185
2.51228
2.51371
2.51629
2.51583
2.51858
2.51875
2.52117
2.52281
2.52361
2.52627
2.52611
2.5285
2.5291
2.53118
2.53297
2.53381
2.53672
2.53646
2.53877
2.53945
2.54139
2.54322
2.54409
2.54721
2.54682
2.54911
2.54985
2.55167
2.55367
2.55439
2.55761
2.55718
2.55942
2.56031
2.56196
2.56437
2.5647
2.56778
2.56756
2.56963
2.57092
2.57224
2.5754
2.57501
2.57763
2.57804
2.57982
2.58186
2.58251
2.58598
2.58538
2.58748
2.58877
2.59002
2.59341
2.59282
2.59533
2.59597
2.59753
2.60022
2.60027
2.60331
2.6033
2.60506
2.60723
2.60772
2.61124
2.61069
2.6126
2.61444
2.61517
2.61893
2.6181
2.62011
2.62179
2.62261
2.62649
2.62553
2.62754
2.62925
2.63004
2.63394
2.63298
2.63493
2.63683
2.63744
2.64123
2.64045
2.64227
2.64455
2.64485
2.64821
2.64797
2.64958
2.65252
2.65226
2.65506
2.65558
2.65688
2.66075
2.6597
2.66197
2.66339
2.66422
2.66834
2.66721
2.66903
2.67158
2.67159
2.67464
2.67491
2.67621
2.6803
2.67904
2.68119
2.683
2.6835
2.68721
2.68668
2.68818
2.69189
2.69091
2.69324
2.6948
2.6954
2.6993
2.69858
2.70009
2.70385
2.70272
2.70499
2.7069
2.70727
2.71082
2.71061
2.71188
2.71642
2.71475
2.71666
2.7194
2.71913
2.72192
2.72289
2.72366
2.72793
2.72685
2.7283
2.73267
2.73108
2.73309
2.73579
2.73548
2.73825
2.73938
2.73999
2.74398
2.74334
2.74456
2.7495
2.74753
2.74923
2.75312
2.75186
2.75402
2.75656
2.75628
2.75909
2.76034
2.76078
2.76447
2.76436
2.76531
2.77012
2.76853
2.76989
2.77501
2.7728
2.77449
2.77889
2.77715
2.77916
2.78258
2.78156
2.78387
2.78647
2.78602
2.78869
2.7905
2.79051
2.79358
2.79465
2.79502
2.79863
2.79885
2.79957
2.80372
2.80312
2.80414
2.8089
2.80739
2.80879
2.81416
2.81164
2.81354
2.81869
2.81593
2.82032
2.82126
2.82053
2.82156
2.82191
2.82271
2.82589
2.8284
2.82999
2.83006
2.83372
2.83445
2.83459
2.83841
2.83898
2.83912
2.84281
2.84357
2.84363
2.84706
2.84822
2.84813
2.85128
2.85296
2.85264
2.85542
2.8578
2.85716
2.85958
2.86282
2.86169
2.86373
2.86804
2.86626
2.86794
2.87342
2.87086
2.87216
2.87856
2.87552
2.87646
2.88251
2.88027
2.88082
2.88558
2.88517
2.88526
2.88887
2.89027
2.88978
2.89245
2.89575
2.89438
2.89632
2.90169
2.89908
2.90035
2.90714
2.90392
2.90458
2.90992
2.90898
2.90899
2.91255
2.91442
2.91356
2.91593
2.92049
2.91829
2.91973
2.92674
2.92321
2.92385
2.92926
2.92847
2.92827
2.93155
2.93433
2.93294
2.93489
2.94112
2.93783
2.93873
2.94511
2.94312
2.94304
2.94666
2.94917
2.94776
2.94955
2.95655
2.95267
2.95437
2.9615
2.95809
2.95801
2.96169
2.96419
2.96264
2.96452
2.97175
2.96787
2.96838
2.97376
2.9737
2.97283
2.97547
2.98078
2.97788
2.97888
2.98603
2.98357
2.98312
2.98651
2.99033
2.98805
2.98941
2.99751
2.9937
2.99348
2.9974
3.00039
2.99835
2.99988
3.00827
3.00404
3.00384
3.00797
3.01085
3.00874
3.01024
3.01883
3.01458
3.01421
3.01815
3.02169
3.01925
3.02051
3.02903
3.02527
3.02453
3.02781
3.03314
3.02994
3.03063
3.03778
3.0365
3.0351
3.0376
3.04513
3.04089
3.04086
3.04611
3.04808
3.04582
3.04732
3.05665
3.05225
3.05126
3.05474
3.06045
3.05692
3.05723
3.06388
3.06418
3.06203
3.06383
3.07346
3.0686
3.06755
3.07118
3.07704
3.0734
3.07351
3.08014
3.08106
3.07852
3.07994
3.08999
3.0856
3.08396
3.08699
3.09482
3.09044
3.08973
3.09485
3.09883
3.09549
3.09585
3.10408
3.10347
3.10078
3.10231
3.113
3.10833
3.10629
3.10922
3.11791
3.11337
3.11203
3.11668
3.12235
3.11853
3.11797
3.12478
3.1273
3.12384
3.12415
3.13372
3.13246
3.12929
3.13051
3.1418
3.13773
3.13487
3.13712
3.14749
3.14312
3.14058
3.14397
3.15246
3.14857
3.1464
3.151
3.15776
3.15413
3.15233
3.15838
3.16328
3.15976
3.15834
3.16595
3.169
3.16548
3.16445
3.1738
3.17481
3.17133
3.17061
3.18141
3.18072
3.17727
3.17687
3.18802
3.18671
3.18336
3.1832
3.19368
3.19277
3.18959
3.18956
3.19885
3.19889
3.19604
3.19604
3.20385
3.20502
3.20278
3.2026
3.20876
3.21109
3.20987
3.20939
3.21349
3.21683
3.21743
3.21664
3.21803
3.22179
3.22521
3.2249
3.22298
3.22513
3.23193
3.23482
3.231
3.22714
3.23406
3.24334
3.24751
3.2348
3.23237
3.23938
3.25247
3.25395
3.2485
3.24384
3.24266
3.24567
3.25353
3.2519
3.25186
3.25208
3.25246
3.25328
3.25455
3.25625
3.2589
3.26118
3.25791
3.25611
3.25514
3.25455
3.25422
3.25411
3.25422
3.25457
3.25514
3.25595
3.25698
3.25828
3.25999
3.26227
3.2633
3.26142
3.2596
3.25812
3.25672
3.25525
3.25363
3.25185
3.24986
3.24767
3.24527
3.24268
3.23995
3.2371
3.23424
3.23143
3.22874
3.22627
3.22407
3.22225
3.22086
3.22002
3.21977
3.22018
3.22127
3.22304
3.22548
3.22848
3.2319
3.23555
3.23914
3.24232
3.24471
3.24589
3.24543
3.24152
3.23002
3.21526
3.20243
3.19627
3.21317
3.28815
3.3389
3.31711
3.27726
3.23954
3.34499
3.29395
3.29343
3.31324
3.31261
3.35185
3.32439
3.35088
3.35361
3.32876
3.35642
3.35997
3.33899
3.3515
3.37219
3.35582
3.34675
3.36675
3.37508
3.35814
3.35716
3.37477
3.38122
3.36458
3.36461
3.38019
3.39042
3.3733
3.37026
3.38446
3.39448
3.38406
3.37574
3.38746
3.39698
3.39712
3.38358
3.38941
3.40057
3.40907
3.39534
3.39162
3.40307
3.41014
3.41112
3.39815
3.4038
3.41373
3.42023
3.41149
3.40554
3.41544
