1.94112
1.94262
1.94413
1.94563
1.94713
1.94863
1.95013
1.95163
1.95313
1.95464
1.95614
1.95764
1.95914
1.96064
1.96214
1.96364
1.96515
1.96665
1.96815
1.96965
1.97115
1.97265
1.97416
1.97566
1.97716
1.97866
1.98016
1.98166
1.98316
1.98467
1.98617
1.98767
1.98917
1.99067
1.99217
1.99367
1.99518
1.99668
1.99818
1.99968
2.00118
2.00268
2.00419
2.00569
2.00719
2.00869
2.01019
2.01169
2.01319
2.0147
2.0162
2.0177
2.0192
2.0207
2.0222
2.0237
2.02521
2.02671
2.02821
2.02971
2.03121
2.03271
2.03422
2.03572
2.03722
2.03872
2.04022
2.04172
2.04322
2.04473
2.04623
2.04773
2.04923
2.05073
2.05223
2.05373
2.05524
2.05674
2.05824
2.05974
2.06124
2.06274
2.06425
2.06575
2.06725
2.06875
2.07025
2.07175
2.07325
2.07476
2.07626
2.07776
2.07926
2.08076
2.08226
2.08376
2.08527
2.08677
2.08827
2.08977
2.09127
2.09277
2.09428
2.09578
2.09728
2.09878
2.10028
2.10178
2.10328
2.10479
2.10629
2.10779
2.10929
2.11079
2.11229
2.11379
2.1153
2.1168
2.1183
2.1198
2.1213
2.1228
2.12431
2.12581
2.12731
2.12881
2.13031
2.13181
2.13331
2.13482
2.13632
2.13782
2.13932
2.14082
2.14232
2.14382
2.14533
2.14683
2.14833
2.14983
2.15133
2.15283
2.15434
2.15584
2.15734
2.15884
2.16034
2.16184
2.16334
2.16485
2.16635
2.16785
2.16935
2.17085
2.17235
2.17385
2.17536
2.17686
2.17836
2.17986
2.18136
2.18286
2.18437
2.18587
2.18737
2.18887
2.19037
2.19187
2.19337
2.19488
2.19638
2.19788
2.19938
2.20088
2.20238
2.20388
2.20539
2.20689
2.20839
2.20989
2.21139
2.21289
2.2144
2.2159
2.2174
2.2189
2.2204
2.2219
2.2234
2.22491
2.22641
2.22791
2.22941
2.23091
2.23241
2.23391
2.23542
2.23692
2.23842
2.23992
2.24142
2.24292
2.24443
2.24593
2.24743
2.24893
2.25043
2.25193
2.25343
2.25494
2.25644
2.25794
2.25944
2.26094
2.26244
2.26394
2.26545
2.26695
2.26845
2.26995
2.27145
2.27295
2.27446
2.27596
2.27746
2.27896
2.28046
2.28196
2.28346
2.28497
2.28647
2.28797
2.28947
2.29097
2.29247
2.29397
2.29548
2.29698
2.29848
2.29998
2.30148
2.30298
2.30449
2.30599
2.30749
2.30899
2.31049
2.31199
2.31349
2.315
2.3165
2.318
2.3195
2.321
2.3225
2.324
2.32551
2.32701
2.32851
2.33001
2.33151
2.33301
2.33452
2.33602
2.33752
2.33902
2.34052
2.34202
2.34352
2.34503
2.34653
2.34803
2.34953
2.35103
2.35253
2.35403
2.35554
2.35704
2.35854
2.36004
2.36154
2.36304
2.36455
2.36605
2.36755
2.36905
2.37055
2.37205
2.37355
2.37506
2.37656
2.37806
2.37956
2.38106
2.38256
2.38406
2.38557
2.38707
2.38857
2.39007
2.39157
2.39307
2.39458
2.39608
2.39758
2.39908
2.40058
2.40208
2.40358
2.40509
2.40659
2.40809
2.40959
2.41109
2.41259
2.41409
2.4156
2.4171
2.4186
2.4201
2.4216
2.4231
2.42461
2.42611
2.42761
2.42911
2.43061
2.43211
2.43361
2.43512
2.43662
2.43812
2.43962
2.44112
2.44262
2.44413
2.44563
2.44713
2.44863
2.45013
2.45163
2.45313
2.45464
2.45614
2.45764
2.45914
2.46064
2.46214
2.46364
2.46515
2.46665
2.46815
2.46965
2.47115
2.47265
2.47416
2.47566
2.47716
2.47866
2.48016
2.48166
2.48316
2.48467
2.48617
2.48767
2.48917
2.49067
2.49217
2.49367
2.49518
2.49668
2.49818
2.49968
2.50118
2.50268
2.50419
2.50569
2.50719
2.50869
2.51019
2.51169
2.51319
2.5147
2.5162
2.5177
2.5192
2.5207
2.5222
2.5237
2.52521
2.52671
2.52821
2.52971
2.53121
2.53271
2.53422
2.53572
2.53722
2.53872
2.54022
2.54172
2.54322
2.54473
2.54623
2.54773
2.54923
2.55073
2.55223
2.55373
2.55524
2.55674
2.55824
2.55974
2.56124
2.56274
2.56425
2.56575
2.56725
2.56875
2.57025
2.57175
2.57325
2.57476
2.57626
2.57776
2.57926
2.58076
2.58226
2.58376
2.58527
2.58677
2.58827
2.58977
2.59127
2.59277
2.59428
2.59578
2.59728
2.59878
2.60028
2.60178
2.60328
2.60479
2.60629
2.60779
2.60929
2.61079
2.61229
2.61379
2.6153
2.6168
2.6183
2.6198
2.6213
2.6228
2.62431
2.62581
2.62731
2.62881
2.63031
2.63181
2.63331
2.63482
2.63632
2.63782
2.63932
2.64082
2.64232
2.64382
2.64533
2.64683
2.64833
2.64983
2.65133
2.65283
2.65434
2.65584
2.65734
2.65884
2.66034
2.66184
2.66334
2.66485
2.66635
2.66785
2.66935
2.67085
2.67235
2.67385
2.67536
2.67686
2.67836
2.67986
2.68136
2.68286
2.68437
2.68587
2.68737
2.68887
2.69037
2.69187
2.69337
2.69488
2.69638
2.69788
2.69938
2.70088
2.70238
2.70388
2.70539
2.70689
2.70839
2.70989
2.71139
2.71289
2.7144
2.7159
2.7174
2.7189
2.7204
2.7219
2.7234
2.72491
2.72641
2.72791
2.72941
2.73091
2.73241
2.73391
2.73542
2.73692
2.73842
2.73992
2.74142
2.74292
2.74443
2.74593
2.74743
2.74893
2.75043
2.75193
2.75343
2.75494
2.75644
2.75794
2.75944
2.76094
2.76244
2.76394
2.76545
2.76695
2.76845
2.76995
2.77145
2.77295
2.77446
2.77596
2.77746
2.77896
2.78046
2.78196
2.78346
2.78497
2.78647
2.78797
2.78947
2.79097
2.79247
2.79397
2.79548
2.79698
2.79848
2.79998
2.80148
2.80298
2.80449
2.80599
2.80749
2.80899
2.81049
2.81199
2.81349
2.815
2.8165
2.818
2.8195
2.821
2.8225
2.824
2.82551
2.82701
2.82851
2.83001
2.83151
2.83301
2.83452
2.83602
2.83752
2.83902
2.84052
2.84202
2.84352
2.84503
2.84653
2.84803
2.84953
2.85103
2.85253
2.85403
2.85554
2.85704
2.85854
2.86004
2.86154
2.86304
2.86455
2.86605
2.86755
2.86905
2.87055
2.87205
2.87355
2.87506
2.87656
2.87806
2.87956
2.88106
2.88256
2.88406
2.88557
2.88707
2.88857
2.89007
2.89157
2.89307
2.89458
2.89608
2.89758
2.89908
2.90058
2.90208
2.90358
2.90509
2.90659
2.90809
2.90959
2.91109
2.91259
2.91409
2.9156
2.9171
2.9186
2.9201
2.9216
2.9231
2.92461
2.92611
2.92761
2.92911
2.93061
2.93211
2.93361
2.93512
2.93662
2.93812
2.93962
2.94112
2.94262
2.94413
2.94563
2.94713
2.94863
2.95013
2.95163
2.95313
2.95464
2.95614
2.95764
2.95914
2.96064
2.96214
2.96364
2.96515
2.96665
2.96815
2.96965
2.97115
2.97265
2.97416
2.97566
2.97716
2.97866
2.98016
2.98166
2.98316
2.98467
2.98617
2.98767
2.98917
2.99067
2.99217
2.99367
2.99518
2.99668
2.99818
2.99968
3.00118
3.00268
3.00419
3.00569
3.00719
3.00869
3.01019
3.01169
3.01319
3.0147
3.0162
3.0177
3.0192
3.0207
3.0222
3.0237
3.02521
3.02671
3.02821
3.02971
3.03121
3.03271
3.03422
3.03572
3.03722
3.03872
3.04022
3.04172
3.04322
3.04473
3.04623
3.04773
3.04923
3.05073
3.05223
3.05373
3.05524
3.05674
3.05824
3.05974
3.06124
3.06274
3.06425
3.06575
3.06725
3.06875
3.07025
3.07175
3.07325
3.07476
3.07626
3.07776
3.07926
3.08076
3.08226
3.08376
3.08527
3.08677
3.08827
3.08977
3.09127
3.09277
3.09428
3.09578
3.09728
3.09878
3.10028
3.10178
3.10328
3.10479
3.10629
3.10779
3.10929
3.11079
3.11229
3.11379
3.1153
3.1168
3.1183
3.1198
3.1213
3.1228
3.12431
3.12581
3.12731
3.12881
3.13031
3.13181
3.13331
3.13482
3.13632
3.13782
3.13932
3.14082
3.14232
3.14382
3.14533
3.14683
3.14833
3.14983
3.15133
3.15283
3.15434
3.15584
3.15734
3.15884
3.16034
3.16184
3.16334
3.16485
3.16635
3.16785
3.16935
3.17085
3.17235
3.17385
3.17536
3.17686
3.17836
3.17986
3.18136
3.18286
3.18437
3.18587
3.18737
3.18887
3.19037
3.19187
3.19337
3.19488
3.19638
3.19788
3.19938
3.20088
3.20238
3.20388
3.20539
3.20689
3.20839
3.20989
3.21139
3.21289
3.2144
3.2159
3.2174
3.2189
3.2204
3.2219
3.2234
3.22491
3.22641
3.22791
3.22941
3.23091
3.23241
3.23391
3.23542
3.23692
3.23842
3.23992
3.24142
3.24292
3.24443
3.24593
3.24743
3.24893
3.25043
3.25193
3.25343
3.25494
3.25644
3.25794
3.25944
3.26094
3.26244
3.26394
3.26545
3.26695
3.26845
3.26995
3.27145
3.27295
3.27446
3.27596
3.27746
3.27896
3.28046
3.28196
3.28346
3.28497
3.28647
3.28797
3.28947
3.29097
3.29247
3.29397
3.29548
3.29698
3.29848
3.29998
3.30148
3.30298
3.30449
3.30599
3.30749
3.30899
3.31049
3.31199
3.31349
3.315
3.3165
3.318
3.3195
3.321
3.3225
3.324
3.32551
3.32701
3.32851
3.33001
3.33151
3.33301
3.33452
3.33602
3.33752
3.33902
3.34052
3.34202
3.34352
3.34503
3.34653
3.34803
3.34953
3.35103
3.35253
3.35403
3.35554
3.35704
3.35854
3.36004
3.36154
3.36304
3.36455
3.36605
3.36755
3.36905
3.37055
3.37205
3.37355
3.37506
3.37656
3.37806
3.37956
3.38106
3.38256
3.38406
3.38557
3.38707
3.38857
3.39007
3.39157
3.39307
3.39458
3.39608
3.39758
3.39908
3.40058
3.40208
3.40358
3.40509
3.40659
3.40809
3.40959
3.41109
3.41259
3.41409
3.4156
3.4171
3.4186
3.4201
3.4216
3.4231
3.42461
3.42611
3.42761
3.42911
3.43061
3.43211
3.43361
3.43512
3.43662
3.43812
3.43962
3.44112
